2
3
8
6
L
0
T
1
0
500
200
2
1
0
0
0
0
L
2
T
1
0
500
200
2
0
0
11
1
0
L
0
T
1
0
500
200
2
0
0
7
2
0
L
0
T
1
0
500
200
2
1
0
9
3
0
L
2
T
1
0
500
200
2
1
0
8
4
0
L
2
T
1
0
500
200
2
0
0
10
5
0
L
0
T
-1
L
0
T
-1
L
0
T
1
0
500
200
2
0
1
6
0
5
L
0
T
1
0
500
200
2
0
1
6
1
5
L
0
T
1
0
500
200
2
0
1
6
2
5
L
0
T
1
0
500
200
2
1
1
6
3
5
L
0
T
1
0
500
200
2
1
1
6
4
5
L
0
T
1
0
500
200
2
0
1
6
5
5
L
0
T
-1
L
0
T
-1
L
0
U
1
0
200
200
0
0
1
0
0
0
1
1
0
1
0
0
0
O
-1
L
0
U
-1
O
-1
L
0
U
-1
O
-1
L
0
U
1
9
100
100
0
0
1
0
0
0
1
1
3
1
0
3
0
O
-1
L
1
U
1
8
100
100
0
0
0
0
0
0
1
1
4
1
0
4
0
O
-1
L
0
U
-1
O
-1
L
0
U
-1
O
-1
L
0
U
-1
O
-1
L
0
U
-1
O
-1
L
0
U
-1
O
-1
L
0
U
-1
O
-1
L
2
U
-1
O
-1
L
0
U
-1
O
-1
L
0
U
-1
O
-1
L
0
U
-1
O
-1
L
0
U
-1
O
-1
L
0
U
-1
O
-1
L
2
U
-1
O
-1
L
0
U
-1
O
-1
L
0
U
-1
O
-1
L
0
U
-1
O
-1
L
1
U
-1
O
-1
L
0
U
-1
O
-1
L
0
U
-1
O
-1
L
1
U
-1
O
-1
L
0
U
-1
O
-1
L
0
U
-1
O
-1
L
0
U
1
6
200
200
0
0
1
0
0
0
1
1
3
4
0
3
5
O
-1
L
0
U
1
6
200
200
0
0
1
0
0
0
1
1
4
4
0
4
5
O
-1
L
0
U
-1
O
-1
L
0
U
-1
O
-1
L
0
U
-1
O
1
1
1
1